2979533124
466633612
3022047177
1751862753
2103365075
1771448081
2360527679
1733909852
460763750
3141315833
3331578944
4201431568
1405700228
1935308364
4064456151
3545402807
1362867943
1743798754
3155828860
2876194471
1509375856
1883211724
532245941
1684843867
2064241261
2792161379
619776981
2107136983
3209023456
915693517
3077614223
3527082465
1212087455
715198929
2122168814
360030306
2447337378
2360824203
2593612457
963108806
3281690247
664353593
2469878284
2270664953
190596348
223761738
1323827290
2381579324
1051763903
1463133026
509698312
3150191754
2822677534
2639821640
583419806
1649891934
186458595
2655336814
1468121686
2472356048
796819487
3816817620
3319042577
3347888851
291918412
470250642
1935887257
3022208024
3534520266
874683404
1787224914
104859300
689319236
2221384506
1391710956
748985724
1938278927
662948151
3341948994
888960178
1731120767
196664337
1614938053
1453075794
2827353067
2632636339
671654733
3384492821
1802243602
3346600870
3441313826
4212361093
1045224219
3009312712
3840789823
3293427651
4276125895
1500695339
1726649151
294028429
3289139095
2700114285
2505506534
2099745399
3922709814
1796080238
2768438076
1020569434
699889229
2764288882
1385858458
3447514362
434674659
4212436644
2647113462
1561654957
2437714476
2567782864
1206021917
1148299463
3282265781
3180933586
752779945
2830290780
4260640952
4194439484
3792214444
2830739665
190834847
3554027603
592721864
3237925405
2437316901
2881766168
3519331891
2555238999
2163120477
2739102069
294005536
720091671
2589702140
2323477853
3646943009
855727473
3737427094
252240088
1250623249
2558052227
2564893263
1131657554
